>> catalanNumber(14)

ans =

     2674440

>> catalanNumbers(18)'

ans =

           1
           1
           2
           5
          14
          42
         132
         429
        1430
        4862
       16796
       58786
      208012
      742900
     2674440
     9694845
    35357670
   129644790
