>>CatalanNumber(10)

ans =

       16796

>> num2str(CatalanNumber(20))

ans =

    '6564120420'
