quad(@sin,0,pi,1/1000000000000)

ans =

   2.000000000000000
