>> n = (0:10);
>> arrayfun(@female,n)

ans =

     1     1     2     2     3     3     4     5     5     6     6

>> arrayfun(@male,n)

ans =

     0     0     1     2     2     3     4     4     5     6     6
