b = {0.16666667, 0.5, 0.5, 0.16666667};
a = {1.00000000, -2.77555756*^-16, 3.33333333*^-01, -1.85037171*^-17};
signal = {-0.917843918645, 0.141984778794, 1.20536903482, 0.190286794412, -0.662370894973, -1.00700480494, -0.404707073677, 0.800482325044, 0.743500089861, 1.01090520172, 0.741527555207, 0.277841675195, 0.400833448236, -0.2085993586, -0.172842103641, -0.134316096293, 0.0259303398477, 0.490105989562, 0.549391221511, 0.9047198589};
RecurrenceFilter[{a, b}, signal]
