>> rootsOfUnity(3)

ans =

 -0.500000000000000 + 0.866025403784439i
 -0.500000000000000 - 0.866025403784439i
  1.000000000000000
