>> binarySearchIter([1 2 3 4 5 6 6.5 7 8 9 11 18],6.5)

ans =

     7
