n=1000; sum(0:3:n-1)+sum(0:5:n-1)-sum(0:15:n-1)
