| ?- constants_and_functions::show.
e = 2.718281828459045
pi = 3.141592653589793
sqrt(2) = 1.4142135623730951
log(2) = 0.6931471805599453
exp(2) = 7.38905609893065
abs(-1) = 1
floor(-3.4) = -4
ceiling(-3.4) = -3
2 ** -3.4 = 0.09473228540689989
yes
