>> [setdiff([1 2 3],[2 3 4]) setdiff([2 3 4],[1 2 3])]

ans =

     1     4
