solution =

     7     6     5     4     8     3     9     2     1
     1     9     8     7     2     6     4     3     5
     2     3     4     9     1     5     6     7     8
     8     4     2     5     3     1     7     6     9
     6     1     7     8     9     2     3     5     4
     3     5     9     6     7     4     8     1     2
     9     2     6     1     4     7     5     8     3
     5     8     1     3     6     9     2     4     7
     4     7     3     2     5     8     1     9     6
