> 0x11
ans =  17
