> 11
ans =  11
