$ time jq -n -r -f runge-kutta.jq
y(0) = 1 with error: 0
y(1) = 1.562499854278108 with error: 1.4572189210859676e-07
y(2) = 3.9999990805207974 with error: 9.194792025546406e-07
y(3) = 10.562497090437544 with error: 2.9095624558550526e-06
y(4) = 24.999993765090615 with error: 6.234909385227638e-06
y(5) = 52.562489180302656 with error: 1.081969734428867e-05
y(6) = 99.99998340540387 with error: 1.6594596132790684e-05
y(7) = 175.56247648227188 with error: 2.3517728124033965e-05
y(8) = 288.9999684347997 with error: 3.156520028824161e-05
y(9) = 451.56245927684154 with error: 4.0723158463151776e-05
y(10) = 675.9999490167129 with error: 5.0983287110284436e-05

real	0m0.023s
user	0m0.014s
sys	0m0.006s
