$ time jq -r -n -f rk4.pl.jq
y(0) = 1 ± 0
y(1) = 1.5625 ± 1.4572189210859676e-07
y(2) = 4 ± 9.194792029987298e-07
y(3) = 10.5625 ± 2.9095624576314094e-06
y(4) = 25 ± 6.234909392333066e-06
y(5) = 52.5625 ± 1.081969734428867e-05
y(6) = 100 ± 1.659459609015812e-05
y(7) = 175.5625 ± 2.3517728038768837e-05
y(8) = 289 ± 3.156520000402452e-05
y(9) = 451.5625 ± 4.072315812209126e-05
y(10) = 675.9999 ± 5.0983286655537086e-05

real	0m0.048s
user	0m0.013s
sys	0m0.006s
