   Key       Value   expected
  heth:   0.063469   0.063456
   waw:   0.100226   0.100000
daleth:   0.125844   0.125000
  beth:   0.166264   0.166667
 zayin:   0.090806   0.090909
    he:   0.110562   0.111111
 aleph:   0.199868   0.200000
 gimel:   0.142961   0.142857
