>> transpose([1 2;3 4])

ans =

     1     3
     2     4

>> [1 2;3 4].'

ans =

     1     3
     2     4
