>> [A,G,H]=pythagoreanMeans((1:10))

A =

   5.500000000000000


G =

   4.528728688116765


H =

   3.414171521474055
