>> nthRoot(2,2)

ans =

   1.414213562373095
