blsq ) {{78 19 30 12 36}{49 10 65 42 50}{30 93 24 78 10}{39 68 27 64 29}}tpsp
78 49 30 39
19 10 93 68
30 65 24 27
12 42 78 64
36 50 10 29
