>> a = [1 2 3]

a =

     1     2     3

>> b = [4 5 6]

b =

     4     5     6

>> concat = [a b]

concat =

     1     2     3     4     5     6

>> concat = [a;b]

concat =

     1     2     3
     4     5     6
