cocktailSort([6 3 7 8 5 1 2 4 9])

ans =

     1     2     3     4     5     6     7     8     9
