>> stoogeSort([1 -6 4 -9],1,4)

ans =

    -9    -6     1     4
