sqrt 2 = 1.414214
e = 2.718282
pi = 3.141593
