sqrt 2 = 1.4142135623730951
e = 2.7182818284590455
pi = 3.1415926533405418
