>> selectEvenNumbers([0 1 2 3 4 5 6 7 8 9 10])

ans =

     0     2     4     6     8    10
