>> unique([1 2 6 3 6 4 5 6])

ans =

     1     2     3     4     5     6
