blsq ) 0 25r@{0 25r@\/{$$Sh2' P[}\/+]m[}m[sp
 0  1  2  3  4  5  6  7  8  9 10 11 12 13 14 15 16 17 18 19 20 21 22 23 24 25
 1  0  3  2  5  4  7  6  9  8 11 10 13 12 15 14 17 16 19 18 21 20 23 22 25 24
 2  3  0  1  6  7  4  5 10 11  8  9 14 15 12 13 18 19 16 17 22 23 20 21 26 27
 3  2  1  0  7  6  5  4 11 10  9  8 15 14 13 12 19 18 17 16 23 22 21 20 27 26
 4  5  6  7  0  1  2  3 12 13 14 15  8  9 10 11 20 21 22 23 16 17 18 19 28 29
 5  4  7  6  1  0  3  2 13 12 15 14  9  8 11 10 21 20 23 22 17 16 19 18 29 28
 6  7  4  5  2  3  0  1 14 15 12 13 10 11  8  9 22 23 20 21 18 19 16 17 30 31
 7  6  5  4  3  2  1  0 15 14 13 12 11 10  9  8 23 22 21 20 19 18 17 16 31 30
 8  9 10 11 12 13 14 15  0  1  2  3  4  5  6  7 24 25 26 27 28 29 30 31 16 17
 9  8 11 10 13 12 15 14  1  0  3  2  5  4  7  6 25 24 27 26 29 28 31 30 17 16
10 11  8  9 14 15 12 13  2  3  0  1  6  7  4  5 26 27 24 25 30 31 28 29 18 19
11 10  9  8 15 14 13 12  3  2  1  0  7  6  5  4 27 26 25 24 31 30 29 28 19 18
12 13 14 15  8  9 10 11  4  5  6  7  0  1  2  3 28 29 30 31 24 25 26 27 20 21
13 12 15 14  9  8 11 10  5  4  7  6  1  0  3  2 29 28 31 30 25 24 27 26 21 20
14 15 12 13 10 11  8  9  6  7  4  5  2  3  0  1 30 31 28 29 26 27 24 25 22 23
15 14 13 12 11 10  9  8  7  6  5  4  3  2  1  0 31 30 29 28 27 26 25 24 23 22
16 17 18 19 20 21 22 23 24 25 26 27 28 29 30 31  0  1  2  3  4  5  6  7  8  9
17 16 19 18 21 20 23 22 25 24 27 26 29 28 31 30  1  0  3  2  5  4  7  6  9  8
18 19 16 17 22 23 20 21 26 27 24 25 30 31 28 29  2  3  0  1  6  7  4  5 10 11
19 18 17 16 23 22 21 20 27 26 25 24 31 30 29 28  3  2  1  0  7  6  5  4 11 10
20 21 22 23 16 17 18 19 28 29 30 31 24 25 26 27  4  5  6  7  0  1  2  3 12 13
21 20 23 22 17 16 19 18 29 28 31 30 25 24 27 26  5  4  7  6  1  0  3  2 13 12
22 23 20 21 18 19 16 17 30 31 28 29 26 27 24 25  6  7  4  5  2  3  0  1 14 15
23 22 21 20 19 18 17 16 31 30 29 28 27 26 25 24  7  6  5  4  3  2  1  0 15 14
24 25 26 27 28 29 30 31 16 17 18 19 20 21 22 23  8  9 10 11 12 13 14 15  0  1
25 24 27 26 29 28 31 30 17 16 19 18 21 20 23 22  9  8 11 10 13 12 15 14  1  0
