>> hornersRule(3,[-19, 7, -4, 6])

ans =

   128
