[mNumber,mersennesPrime] = mersennePrimes

mNumber =

     2     3     5     7    13    17    19


mersennesPrime =

           3           7          31         127        8191      131071      524287
