>> quadraticMean((1:10))

ans =

   6.204836822995429
