>> countingSort([4 3 1 5 6 2])

ans =

     1     2     3     4     5     6
