>> randNorm(1,.5, [1000,1])

ans =

   0.693984121077029
