diff([1 2 3 4 5])

ans =

     1     1     1     1
