quickSort([4,3,7,-2,9,1])

ans =

    -2     1     3     4     7     9
