>> myClass = GenericClass(3)
3.000000
>> myClass = setValue(myClass,pi)
3.141593
>> getValue(myClass)

ans =

   3.141592653589793
