>> myClass = GenericClass2(3)
3.000000
>> setValue(myClass,pi)
>> getValue(myClass)

ans =

   3.141592653589793
