bubbleSort([5 3 8 4 9 7 6 2 1])

ans =

     1     2     3     4     5     6     7     8     9
