>> intersectPoint([0 -1 -1], [0 0 10], [0 0 1], [0 0 5])

ans =

     0    -5     5
