>> pancakeSort([4 3 1 5 6 2])

ans =

     6     5     4     3     2     1
