> mapM_ (print . take 15) $ take 10 $ scanl1 (zipWith(+)) $ repeat [2..]
[  2,  3,  4,  5,  6,  7,  8,  9, 10, 11, 12, 13, 14, 15, 16]
[  4,  6,  8, 10, 12, 14, 16, 18, 20, 22, 24, 26, 28, 30, 32]
[  6,  9, 12, 15, 18, 21, 24, 27, 30, 33, 36, 39, 42, 45, 48]
[  8, 12, 16, 20, 24, 28, 32, 36, 40, 44, 48, 52, 56, 60, 64]
[ 10, 15, 20, 25, 30, 35, 40, 45, 50, 55, 60, 65, 70, 75, 80]
[ 12, 18, 24, 30, 36, 42, 48, 54, 60, 66, 72, 78, 84, 90, 96]
[ 14, 21, 28, 35, 42, 49, 56, 63, 70, 77, 84, 91, 98,105,112]
[ 16, 24, 32, 40, 48, 56, 64, 72, 80, 88, 96,104,112,120,128]
[ 18, 27, 36, 45, 54, 63, 72, 81, 90, 99,108,117,126,135,144]
[ 20, 30, 40, 50, 60, 70, 80, 90,100,110,120,130,140,150,160]

> mapM_ (print . take 15) $ take 10 $ scanl1 (zipWith(+) . tail) $ tails [1..]
[  1,  2,  3,  4,  5,  6,  7,  8,  9, 10, 11, 12, 13, 14, 15]
[  4,  6,  8, 10, 12, 14, 16, 18, 20, 22, 24, 26, 28, 30, 32]
[  9, 12, 15, 18, 21, 24, 27, 30, 33, 36, 39, 42, 45, 48, 51]
[ 16, 20, 24, 28, 32, 36, 40, 44, 48, 52, 56, 60, 64, 68, 72]
[ 25, 30, 35, 40, 45, 50, 55, 60, 65, 70, 75, 80, 85, 90, 95]
[ 36, 42, 48, 54, 60, 66, 72, 78, 84, 90, 96,102,108,114,120]
[ 49, 56, 63, 70, 77, 84, 91, 98,105,112,119,126,133,140,147]
[ 64, 72, 80, 88, 96,104,112,120,128,136,144,152,160,168,176]
[ 81, 90, 99,108,117,126,135,144,153,162,171,180,189,198,207]
[100,110,120,130,140,150,160,170,180,190,200,210,220,230,240]
