bigseq <- c(90, 90, 90, 91, 91, 92, 92, 92, 91, 91, 91, 90, 90, 90, 89, 89, 88,
            87, 87, 87, 86, 86, 86, 85, 85, 86, 86, 87, 87, 88, 89, 89, 89, 90,
            90, 91, 91, 91, 92, 92, 92, 92, 92, 92, 92, 92, 92, 91, 91, 90, 90,
            90, 90, 90, 89, 89, 89, 89, 88, 88, 88, 88, 88, 88, 88, 88, 88, 88,
            88, 88, 89, 89, 89, 89, 89, 89, 90, 90, 90, 89, 89, 89, 89, 89, 89,
            88, 88, 88, 88, 88, 88, 87, 88, 88, 88, 88, 88, 88, 88, 88, 88, 88,
            88, 88, 88, 88, 88, 88, 88, 88, 88, 88, 88, 89, 89, 89, 89, 89, 88,
            88, 88, 88, 88, 88, 89, 89, 89, 89, 89, 89, 89, 89, 88, 88, 88, 88,
            88, 88, 88, 88, 87, 87, 87, 87, 87, 87, 87, 87, 87, 87, 87, 87, 88,
            88, 88, 88, 88, 88, 88, 88, 88, 89, 89, 89, 89, 89, 89, 89, 88, 88,
            88, 88, 88, 88, 88, 88, 88, 88, 88, 89, 89, 89, 89, 89, 89, 89, 89,
            89, 89, 88, 88, 88, 87, 87, 87, 87, 86, 86, 86, 86, 86, 86, 87, 87,
            87, 87, 87, 87, 87, 88, 88, 88, 88, 88, 88, 88, 88, 88, 89, 89, 89,
            89, 89, 89, 89, 88, 88, 88, 88, 88, 87, 87, 87, 87, 87, 87, 87, 87,
            87, 87, 87, 87, 87, 87, 87, 87, 87, 89, 89, 91, 94, 94, 95, 96, 96,
            96, 97, 97, 96, 96, 96, 96, 95, 95, 94, 93, 93, 92, 92, 91, 91, 90,
            89, 89, 88, 86, 86, 85, 83, 83, 81, 80, 80, 80, 79, 79, 79, 78, 78,
            79, 81, 82, 82, 85, 89, 89, 91, 93, 93, 94, 95, 95, 95, 95, 95, 95,
            95, 95, 95, 94, 94, 94, 94, 93, 93, 93, 92, 92, 91, 91, 91, 90, 90,
            90, 88, 87, 87, 86, 85, 85, 84, 84, 84, 83, 84, 84, 84, 85, 86, 86,
            87, 87, 87, 88, 88, 88, 89, 90, 90, 90, 91, 91, 92, 92, 92, 93, 94,
            94, 94, 95, 95, 95, 95, 94, 94, 94, 93, 93, 93, 92, 92, 92, 91, 91,
            90, 89, 89, 87, 86, 85, 85, 84, 83, 83, 82, 82, 82, 81, 81, 81, 81,
            81, 81, 82, 85, 85, 86, 89, 89, 91, 92, 93, 93, 93, 94, 94, 94, 94,
            94, 94, 94, 94, 94, 93, 93, 93, 92, 92, 92, 91, 91, 91, 90, 89, 89,
            88, 88, 88, 87, 87, 87, 86, 86, 86, 85, 85, 85, 85, 85, 85, 86, 87,
            87, 87, 88, 88, 88, 88, 88, 88, 89, 89, 89, 89, 89, 89, 90, 90, 90,
            90, 91, 91, 92, 93, 93, 94, 94, 95, 95, 95, 96, 96, 96, 95, 95, 95,
            94, 94, 93, 93, 93, 92, 90, 90, 89, 87, 87, 87, 85, 83, 83, 82, 81,
            81, 81, 80, 80, 81, 81, 81, 81, 81, 81, 81, 81, 81, 81, 81, 81, 83,
            86, 88, 88, 90, 91, 91, 91, 92, 92, 93, 93, 93, 94, 95, 95, 95, 96,
            96, 96, 96, 96, 96, 96, 95, 95, 95, 95, 95, 94, 93, 93, 92, 92, 92,
            91, 90, 90, 90, 90, 90, 91, 93, 93, 94, 94, 94, 94, 95, 94, 94, 94,
            94, 94, 94, 93, 93, 93, 93, 93, 93, 92, 92, 92, 92, 92, 91, 91, 91,
            91, 91, 91, 91, 91, 90, 90, 90, 90, 90, 90, 90, 90, 89, 89, 89, 89,
            89, 89, 89, 89, 89, 89, 90, 90, 90, 90, 91, 91, 92, 93, 93, 93, 94,
            94, 94, 94, 94, 94, 94, 94, 94, 95, 95, 95, 95, 95, 95, 95, 95, 95,
            94, 93, 93, 93, 93, 93, 92, 92, 92, 91, 91, 91, 91, 90, 90, 90, 89,
            89, 89, 88, 88, 88, 88, 88, 88, 88, 88, 88, 89, 89, 89, 89, 90, 90,
            90, 90, 90, 90, 90, 90, 90, 90, 91, 91, 91, 91, 91, 91, 91, 91, 91,
            91, 91, 91, 91, 91, 90, 90, 90, 90, 90, 90, 90, 90, 90, 90, 90, 90,
            90, 91, 92, 92, 93, 93, 93, 93, 94, 94, 94, 93, 93, 93, 93, 93, 93,
            92, 92, 92, 91, 91, 91, 90, 90, 90, 89, 88, 88, 87, 87, 87, 86, 86,
            85, 85, 85, 86, 86, 86, 87, 87, 88, 88, 88, 89, 90, 90, 90, 91, 91,
            91, 91, 91, 91, 91, 91, 91, 92, 92, 92, 93, 93, 93, 93, 93, 93, 93,
            92, 92, 92, 91, 91, 90, 90, 90, 89, 88, 87, 87, 87, 86, 86, 86, 85,
            85, 85, 85, 85, 85, 85, 85, 85, 85, 85, 86, 86, 86, 86, 87, 88, 88,
            88, 89, 89, 90, 91, 91, 92, 93, 93, 93, 94, 94, 94, 94, 94, 94, 94,
            94, 94, 93, 93, 93, 92, 92, 92, 91, 90, 90, 90, 89, 89, 88, 88, 88,
            87, 87, 87, 87, 87, 87, 87, 87, 87, 87, 87, 87, 87, 87, 88, 88, 88,
            90, 90, 91, 93, 93, 93, 93, 93, 94, 93, 93, 93, 93, 93, 93, 92, 92,
            92, 91, 91, 91, 90, 90, 90, 89, 89, 89, 88, 87, 87, 87, 87, 87, 86,
            87, 87, 87, 87, 87, 87, 87, 87, 87, 88, 88, 88, 88, 88, 88, 88, 89)

#Main task
idxs <- which(diff(bigseq) > 0)
localmaxs <- head(bigseq[1+c(0, idxs)], -1)
localmins <- bigseq[idxs]
pcts <- (localmaxs-localmins)/localmaxs
table(cut(Filter(`+`, pcts), breaks = c(0, 0.04, 0.08, 0.12, 0.16, 0.25, 1)))

#Plotting
png("DecreasingSubseqs-R.png", 1600, 900)
plot(seq_along(bigseq), bigseq, type = "s", ylab = "Value", xlab = "Index")
dev.off()
