x: 10.000000
y: 20.000000
